============ Particle Swarm Optimization (PSO)... ============
2026-08-19 19:48:56,630 - pyswarms.single.global_best - INFO - Optimize for 15 iters with {'c1': 1.4, 'c2': 1.4, 'w': 0.7}
pyswarms.single.global_best:  0%|                                                                          
pyswarms.single.global_best:   0%|                                                                          
pyswarms.single.global_best:   7%|█████▋                                                                    
pyswarms.single.global_best:   7%|█████▋                                                                    
pyswarms.single.global_best:  13%|███████████▎                                                              
pyswarms.single.global_best:  13%|███████████▎                                                              
pyswarms.single.global_best:  20%|█████████████████                                                         
pyswarms.single.global_best:  20%|█████████████████                                                         
pyswarms.single.global_best:  27%|██████████████████████▋                                                   
pyswarms.single.global_best:  27%|██████████████████████▋                                                   
pyswarms.single.global_best:  33%|████████████████████████████▎                                             
pyswarms.single.global_best:  33%|████████████████████████████▎                                             
pyswarms.single.global_best:  40%|██████████████████████████████████                                        
pyswarms.single.global_best:  40%|██████████████████████████████████                                        
pyswarms.single.global_best:  47%|███████████████████████████████████████▋                                  
pyswarms.single.global_best:  47%|███████████████████████████████████████▋                                  
pyswarms.single.global_best:  53%|█████████████████████████████████████████████▎                            
pyswarms.single.global_best:  53%|█████████████████████████████████████████████▎                            
pyswarms.single.global_best:  60%|███████████████████████████████████████████████████                       
pyswarms.single.global_best:  60%|███████████████████████████████████████████████████                       
pyswarms.single.global_best:  67%|████████████████████████████████████████████████████████                  
pyswarms.single.global_best:  67%|████████████████████████████████████████████████████████                  
pyswarms.single.global_best:  73%|█████████████████████████████████████████████████████████████▌            
pyswarms.single.global_best:  73%|█████████████████████████████████████████████████████████████▌            
pyswarms.single.global_best:  80%|███████████████████████████████████████████████████████████████████▏      
pyswarms.single.global_best:  80%|███████████████████████████████████████████████████████████████████▏      
pyswarms.single.global_best:  87%|████████████████████████████████████████████████████████████████████████▊ 
pyswarms.single.global_best:  87%|████████████████████████████████████████████████████████████████████████▊ 
pyswarms.single.global_best:  93%|██████████████████████████████████████████████████████████████████████████
pyswarms.single.global_best:  93%|██████████████████████████████████████████████████████████████████████████
pyswarms.single.global_best: 100%|██████████████████████████████████████████████████████████████████████████
pyswarms.single.global_best: 100%|████████████████████████████████████████████████████████████████████████████████████|15/15, best_cost=-0.351
2026-08-19 22:28:07,660 - pyswarms.single.global_best - INFO - Optimization finished | best cost: -0.35060633810633807, best pos: [0.0828981  5.80581319 1.39149303 0.01855393]

Best parameters found by PSO after 15 iterations:
{'learning_rate': 0.08289809607154634, 'depth': 6, 'l2_leaf_reg': 1, 'random_strength': 0.01855393343721945}


============ Oprimized CatBoostClassifier model... ============

Example probabilities for first test sample:
{'0': '13.24%', '1': '25.42%', '2': '14.65%', '3': '16.35%', '4': '8.43%', '5': '12.71%', '6': '4.43%', '7': '4.77%'}


============ Evaluation metrics... ============
Accuracy: 0.4138
Log-loss: 1.6600
Macro F1: 0.3214
Macro-Precision: 0.3358
Macro-Recall   : 0.3571

Classification Report:
C:\Users\Katarina\Desktop\GitHub\ML-CatBoost-PSO-SHAP(students)\.venv\Lib\site-packages\sklearn\metrics\_classification.py:1879: UndefinedMetricWarning: Precision is ill-defined and being set to 0.0 in labels with no predicted samples. Use `zero_division` parameter to control this behavior.
  _warn_prf(average, modifier, f"{metric.capitalize()} is", result.shape[0])
C:\Users\Katarina\Desktop\GitHub\ML-CatBoost-PSO-SHAP(students)\.venv\Lib\site-packages\sklearn\metrics\_classification.py:1879: UndefinedMetricWarning: Precision is ill-defined and being set to 0.0 in labels with no predicted samples. Use `zero_division` parameter to control this behavior.
  _warn_prf(average, modifier, f"{metric.capitalize()} is", result.shape[0])
C:\Users\Katarina\Desktop\GitHub\ML-CatBoost-PSO-SHAP(students)\.venv\Lib\site-packages\sklearn\metrics\_classification.py:1879: UndefinedMetricWarning: Precision is ill-defined and being set to 0.0 in labels with no predicted samples. Use `zero_division` parameter to control this behavior.
  _warn_prf(average, modifier, f"{metric.capitalize()} is", result.shape[0])
              precision    recall  f1-score   support

           0       1.00      0.50      0.67         2
           1       0.35      0.86      0.50         7
           2       0.00      0.00      0.00         5
           3       0.50      0.50      0.50         4
           4       0.00      0.00      0.00         2
           5       0.00      0.00      0.00         3
           6       0.50      0.67      0.57         3
           7       0.33      0.33      0.33         3

    accuracy                           0.41        29
   macro avg       0.34      0.36      0.32        29
weighted avg       0.31      0.41      0.33        29

[[1 1 0 0 0 0 0 0]
 [0 6 0 0 0 0 0 1]
 [0 5 0 0 0 0 0 0]
 [0 2 0 2 0 0 0 0]
 [0 1 0 1 0 0 0 0]
 [0 2 0 1 0 0 0 0]
 [0 0 0 0 0 0 2 1]
 [0 0 0 0 0 0 2 1]]


============ SHAP... ============

All features influencing GRADE - sort(mas):
      feature     mean_shap  mean_abs_shap  cb_importance
30  COURSE ID  5.981805e-20       0.394890      34.484301
28         29 -2.465625e-18       0.094717       8.843713
1           2  5.234079e-19       0.084053       7.585243
10         11 -4.486354e-18       0.083357      11.117839
17         18 -7.077223e-18       0.052768       4.655155
0           1 -3.439538e-19       0.049195       3.484733
9          10 -3.888173e-18       0.044629       4.043488
25         26  1.405724e-18       0.040056       4.847775
27         28 -1.271507e-17       0.035558       3.317070
13         14 -4.000799e-18       0.035483       2.889643
2           3 -2.553483e-18       0.030048       2.097313
5           6 -1.687757e-18       0.026742       2.357706
8           9 -2.332904e-18       0.026336       2.473758
23         24 -1.712292e-18       0.023996       0.626820
18         19  4.592905e-18       0.018908       1.255743
4           5 -5.159307e-19       0.018645       1.643893
20         21  1.644996e-19       0.017433       1.321134
6           7 -6.551946e-19       0.017198       2.074278
22         23  2.377768e-18       0.016066       0.880397
3           4  0.000000e+00       0.000000       0.000000
12         13  0.000000e+00       0.000000       0.000000
11         12  0.000000e+00       0.000000       0.000000
7           8  0.000000e+00       0.000000       0.000000
14         15  0.000000e+00       0.000000       0.000000
19         20  0.000000e+00       0.000000       0.000000
16         17  0.000000e+00       0.000000       0.000000
15         16  0.000000e+00       0.000000       0.000000
21         22  0.000000e+00       0.000000       0.000000
24         25  0.000000e+00       0.000000       0.000000
26         27  0.000000e+00       0.000000       0.000000
29         30  0.000000e+00       0.000000       0.000000

All features influencing GRADE - sort(ms):
      feature     mean_shap  mean_abs_shap  cb_importance
18         19  4.592905e-18       0.018908       1.255743
22         23  2.377768e-18       0.016066       0.880397
25         26  1.405724e-18       0.040056       4.847775
1           2  5.234079e-19       0.084053       7.585243
20         21  1.644996e-19       0.017433       1.321134
30  COURSE ID  5.981805e-20       0.394890      34.484301
3           4  0.000000e+00       0.000000       0.000000
15         16  0.000000e+00       0.000000       0.000000
19         20  0.000000e+00       0.000000       0.000000
16         17  0.000000e+00       0.000000       0.000000
7           8  0.000000e+00       0.000000       0.000000
11         12  0.000000e+00       0.000000       0.000000
12         13  0.000000e+00       0.000000       0.000000
14         15  0.000000e+00       0.000000       0.000000
29         30  0.000000e+00       0.000000       0.000000
26         27  0.000000e+00       0.000000       0.000000
21         22  0.000000e+00       0.000000       0.000000
24         25  0.000000e+00       0.000000       0.000000
0           1 -3.439538e-19       0.049195       3.484733
4           5 -5.159307e-19       0.018645       1.643893
6           7 -6.551946e-19       0.017198       2.074278
5           6 -1.687757e-18       0.026742       2.357706
23         24 -1.712292e-18       0.023996       0.626820
8           9 -2.332904e-18       0.026336       2.473758
28         29 -2.465625e-18       0.094717       8.843713
2           3 -2.553483e-18       0.030048       2.097313
9          10 -3.888173e-18       0.044629       4.043488
13         14 -4.000799e-18       0.035483       2.889643
10         11 -4.486354e-18       0.083357      11.117839
17         18 -7.077223e-18       0.052768       4.655155
27         28 -1.271507e-17       0.035558       3.317070

All features influencing GRADE - sort(cb):
      feature     mean_shap  mean_abs_shap  cb_importance
30  COURSE ID  5.981805e-20       0.394890      34.484301
10         11 -4.486354e-18       0.083357      11.117839
28         29 -2.465625e-18       0.094717       8.843713
1           2  5.234079e-19       0.084053       7.585243
25         26  1.405724e-18       0.040056       4.847775
17         18 -7.077223e-18       0.052768       4.655155
9          10 -3.888173e-18       0.044629       4.043488
0           1 -3.439538e-19       0.049195       3.484733
27         28 -1.271507e-17       0.035558       3.317070
13         14 -4.000799e-18       0.035483       2.889643
8           9 -2.332904e-18       0.026336       2.473758
5           6 -1.687757e-18       0.026742       2.357706
2           3 -2.553483e-18       0.030048       2.097313
6           7 -6.551946e-19       0.017198       2.074278
4           5 -5.159307e-19       0.018645       1.643893
20         21  1.644996e-19       0.017433       1.321134
18         19  4.592905e-18       0.018908       1.255743
22         23  2.377768e-18       0.016066       0.880397
23         24 -1.712292e-18       0.023996       0.626820
3           4  0.000000e+00       0.000000       0.000000
12         13  0.000000e+00       0.000000       0.000000
11         12  0.000000e+00       0.000000       0.000000
7           8  0.000000e+00       0.000000       0.000000
14         15  0.000000e+00       0.000000       0.000000
19         20  0.000000e+00       0.000000       0.000000
16         17  0.000000e+00       0.000000       0.000000
15         16  0.000000e+00       0.000000       0.000000
21         22  0.000000e+00       0.000000       0.000000
24         25  0.000000e+00       0.000000       0.000000
26         27  0.000000e+00       0.000000       0.000000
29         30  0.000000e+00       0.000000       0.000000

=== Default CatBoost Baseline ===
Accuracy: 0.3103
***Log-loss: 1.8120
Macro-F1       : 0.2112
Macro-Precision: 0.2933
Macro-Recall   : 0.2289

=== Classification Report ===
              precision    recall  f1-score   support

           0       0.00      0.00      0.00         2
           1       0.26      0.71      0.38         7
           2       0.50      0.20      0.29         5
           3       1.00      0.25      0.40         4
           4       0.00      0.00      0.00         2
           5       0.00      0.00      0.00         3
           6       0.33      0.33      0.33         3
           7       0.25      0.33      0.29         3

    accuracy                           0.31        29
   macro avg       0.29      0.23      0.21        29
weighted avg       0.35      0.31      0.26        29


=== Confusion Matrix: ===
[[0 2 0 0 0 0 0 0]
 [0 5 1 0 0 0 0 1]
 [0 4 1 0 0 0 0 0]
 [0 3 0 1 0 0 0 0]
 [0 2 0 0 0 0 0 0]
 [0 3 0 0 0 0 0 0]
 [0 0 0 0 0 0 1 2]
 [0 0 0 0 0 0 2 1]]
<class 'pandas.DataFrame'>
Loaded: (145, 33)
Columns: ['STUDENT ID', '1', '2', '3', '4', '5', '6', '7', '8', '9', '10', '11', '12', '13', '14', '15', '16', '17', '18', '19', '20', '21', '22', '23', '24', '25', '26', '27', '28', '29', '30', 'COURSE ID', 'GRADE']
head: 
   1  2  3  4  5  6  7  8  9  10  ...  23  24  25  26  27  28  29  30  COURSE ID  GRADE
0  2  2  3  3  1  2  2  1  1   1  ...   1   1   3   2   1   2   1   1          1      1
1  2  2  3  3  1  2  2  1  1   1  ...   1   1   3   2   3   2   2   3          1      1
2  2  2  2  3  2  2  2  2  4   2  ...   1   1   2   2   1   1   2   2          1      1
3  1  1  1  3  1  2  1  2  1   2  ...   1   2   3   2   2   1   3   2          1      1
4  2  2  1  3  2  2  1  3  1   4  ...   2   1   2   2   2   1   2   2          1      1

[5 rows x 32 columns]

tail: 
<bound method NDFrame.tail of      1  2  3  4  5  6  7  8  9  10  ...  23  24  25  26  27  28  29  30  COURSE ID  GRADE
0    2  2  3  3  1  2  2  1  1   1  ...   1   1   3   2   1   2   1   1          1      1
1    2  2  3  3  1  2  2  1  1   1  ...   1   1   3   2   3   2   2   3          1      1
2    2  2  2  3  2  2  2  2  4   2  ...   1   1   2   2   1   1   2   2          1      1
3    1  1  1  3  1  2  1  2  1   2  ...   1   2   3   2   2   1   3   2          1      1
4    2  2  1  3  2  2  1  3  1   4  ...   2   1   2   2   2   1   2   2          1      1
..  .. .. .. .. .. .. .. .. ..  ..  ...  ..  ..  ..  ..  ..  ..  ..  ..        ...    ...
140  2  1  2  3  1  1  2  1  1   2  ...   1   1   2   1   2   1   3   3          9      5
141  1  1  2  4  2  2  2  1  4   2  ...   1   1   3   2   2   1   5   3          9      5
142  1  1  1  4  2  2  2  1  1   1  ...   1   1   3   3   2   1   4   3          9      1
143  2  1  2  4  1  1  1  5  2   3  ...   2   1   2   1   2   1   5   3          9      4
144  1  1  1  5  2  2  2  3  1   1  ...   2   1   3   2   3   1   5   4          9      3

[145 rows x 32 columns]>

index: RangeIndex(start=0, stop=145, step=1)

1. red dataframe-a: 
1            2
2            2
3            3
4            3
5            1
6            2
7            2
8            1
9            1
10           1
11           1
12           2
13           3
14           1
15           2
16           5
17           3
18           2
19           2
20           1
21           1
22           1
23           1
24           1
25           3
26           2
27           1
28           2
29           1
30           1
COURSE ID    1
GRADE        1
Name: 0, dtype: int64

DataFrame ima 2 dimenzije
Featurs/Kolone:  Index(['1', '2', '3', '4', '5', '6', '7', '8', '9', '10', '11', '12', '13',
       '14', '15', '16', '17', '18', '19', '20', '21', '22', '23', '24', '25',
       '26', '27', '28', '29', '30', 'COURSE ID', 'GRADE'],
      dtype='str')
Odgovori za GRADE (target/label variable):  [1 2 5 0 3 4 7 6]
Vrednosti: 
 [[2 2 3 ... 1 1 1]
 [2 2 3 ... 3 1 1]
 [2 2 2 ... 2 1 1]
 ...
 [1 1 1 ... 3 9 1]
 [2 1 2 ... 3 9 4]
 [1 1 1 ... 4 9 3]]
Dataframe ima 145 zapisa/redova i 32 obelezja/kolona(labels)

Dataframe ima 145 zapisa/redova i 32 obelezja/kolona(labels)

Transponovan dataframe: 
           0    1    2    3    4    5    6    ...  138  139  140  141  142  143  144
1            2    2    2    1    2    2    1  ...    1    1    2    1    1    2    1
2            2    2    2    1    2    2    2  ...    1    1    1    1    1    1    1
3            3    3    2    1    1    2    2  ...    2    2    2    2    1    2    1
4            3    3    3    3    3    3    4  ...    4    4    3    4    4    4    5
5            1    1    2    1    2    2    2  ...    1    1    1    2    2    1    2
6            2    2    2    2    2    2    2  ...    1    2    1    2    2    1    2
7            2    2    2    1    1    2    2  ...    1    1    2    2    2    1    2
8            1    1    2    2    3    2    1  ...    5    2    1    1    1    5    3
9            1    1    4    1    1    1    1  ...    2    2    1    4    1    2    1
10           1    1    2    2    4    1    3  ...    3    3    2    2    1    3    1
11           1    2    2    1    3    3    1  ...    3    3    1    1    3    4    3
12           2    3    2    2    3    3    3  ...    1    3    2    1    4    4    1
13           3    2    2    5    2    2    1  ...    1    1    2    5    4    1    5
14           1    1    1    1    1    1    1  ...    2    1    2    1    1    1    1
15           2    2    2    2    2    2    2  ...    4    5    2    2    2    3    2
16           5    1    1    1    4    3    4  ...    5    4    4    1    4    3    4
17           3    2    2    3    2    1    2  ...    2    1    3    3    2    2    3
18           2    2    1    1    1    1    2  ...    2    1    3    2    2    2    1
19           2    2    2    2    1    2    2  ...    3    2    2    2    2    1    1
20           1    1    1    1    1    1    2  ...    2    2    1    2    1    1    1
21           1    1    1    1    1    1    1  ...    3    1    1    1    1    1    1
22           1    1    1    1    1    1    2  ...    1    2    1    2    1    1    1
23           1    1    1    1    2    1    1  ...    2    2    1    1    1    2    2
24           1    1    1    2    1    1    1  ...    1    1    1    1    1    1    1
25           3    3    2    3    2    1    3  ...    3    2    2    3    3    2    3
26           2    2    2    2    2    2    3  ...    2    3    1    2    3    1    2
27           1    3    1    2    2    1    3  ...    3    2    2    2    2    2    3
28           2    2    1    1    1    2    3  ...    1    1    1    1    1    1    1
29           1    2    2    3    2    4    4  ...    1    1    3    5    4    5    5
30           1    3    2    2    2    4    4  ...    3    2    3    3    3    3    4
COURSE ID    1    1    1    1    1    1    1  ...    9    9    9    9    9    9    9
GRADE        1    1    1    1    1    2    5  ...    0    0    5    5    1    4    3

[32 rows x 145 columns]
max vrednosti kolona: 
1            3
2            2
3            3
4            5
5            2
6            2
7            2
8            5
9            4
10           4
11           6
12           6
13           5
14           3
15           5
16           5
17           5
18           3
19           3
20           2
21           3
22           2
23           3
24           3
25           3
26           3
27           3
28           3
29           5
30           4
COURSE ID    9
GRADE        7
dtype: int64

min vrednosti kolona: 
1            1
2            1
3            1
4            1
5            1
6            1
7            1
8            1
9            1
10           1
11           1
12           1
13           1
14           1
15           1
16           1
17           1
18           1
19           1
20           1
21           1
22           1
23           1
24           1
25           1
26           1
27           1
28           1
29           1
30           1
COURSE ID    1
GRADE        0
dtype: int64

<class 'pandas.DataFrame'>
RangeIndex: 145 entries, 0 to 144
Data columns (total 32 columns):
 #   Column     Non-Null Count  Dtype
---  ------     --------------  -----
 0   1          145 non-null    int64
 1   2          145 non-null    int64
 2   3          145 non-null    int64
 3   4          145 non-null    int64
 4   5          145 non-null    int64
 5   6          145 non-null    int64
 6   7          145 non-null    int64
 7   8          145 non-null    int64
 8   9          145 non-null    int64
 9   10         145 non-null    int64
 10  11         145 non-null    int64
 11  12         145 non-null    int64
 12  13         145 non-null    int64
 13  14         145 non-null    int64
 14  15         145 non-null    int64
 15  16         145 non-null    int64
 16  17         145 non-null    int64
 17  18         145 non-null    int64
 18  19         145 non-null    int64
 19  20         145 non-null    int64
 20  21         145 non-null    int64
 21  22         145 non-null    int64
 22  23         145 non-null    int64
 23  24         145 non-null    int64
 24  25         145 non-null    int64
 25  26         145 non-null    int64
 26  27         145 non-null    int64
 27  28         145 non-null    int64
 28  29         145 non-null    int64
 29  30         145 non-null    int64
 30  COURSE ID  145 non-null    int64
 31  GRADE      145 non-null    int64
dtypes: int64(32)
memory usage: 36.4 KB
None
(.info) --- Zakljucak:
DataFrame ima 145 redova i 32 kolona
Vidimo kako su imenovane kolone
Kolone imaju int podatke (int64)
svaka kolona ima non-null vrednosti, tj. nemamo nedostajuce vrednosti

                1           2           3  ...          30   COURSE ID       GRADE
count  145.000000  145.000000  145.000000  ...  145.000000  145.000000  145.000000
mean     1.620690    1.600000    1.944828  ...    2.724138    4.131034    3.227586
std      0.613154    0.491596    0.537216  ...    0.916536    3.260145    2.197678
min      1.000000    1.000000    1.000000  ...    1.000000    1.000000    0.000000
25%      1.000000    1.000000    2.000000  ...    2.000000    1.000000    1.000000
50%      2.000000    2.000000    2.000000  ...    3.000000    3.000000    3.000000
75%      2.000000    2.000000    2.000000  ...    3.000000    7.000000    5.000000
max      3.000000    2.000000    3.000000  ...    4.000000    9.000000    7.000000

[8 rows x 32 columns]
(.describe) --- Zakljucak:
count: broj non-null podataka za svaku kolonu, nemamo prazna polja
mean(avg): srednja vrednost svakog pitanja
std(standardna devijacija): disperzija vrednosti svake kolone oko mean, veci std ukazuje na vecu disperziju oko mean vrednosti
min,max: najmanja i najveca vrednost za svaku kolonu
%: distribucija podataka, npr 25% ispitanika je izabralo odredjenu vrednost za odredjeno pitanje

                  1         2         3  ...        30  COURSE ID     GRADE
1          1.000000  0.138233  0.294426  ...  0.121441  -0.304994 -0.095251
2          0.138233  1.000000  0.126218  ...  0.292842  -0.430704  0.335533
3          0.294426  0.126218  1.000000  ...  0.053497  -0.118761  0.104821
4         -0.316506 -0.206876 -0.086965  ...  0.243517   0.317563  0.023963
5         -0.181019  0.190476 -0.155331  ...  0.007706  -0.114794  0.167445
6          0.138233  0.224138  0.073627  ... -0.092476  -0.326711 -0.062993
7          0.042572 -0.125471  0.016557  ... -0.012658   0.068769 -0.051778
8          0.127853 -0.022154 -0.126440  ... -0.058644  -0.123024 -0.166352
9          0.001472 -0.013313  0.023944  ...  0.005909   0.114839 -0.156289
10        -0.199257 -0.154957 -0.018990  ... -0.007332   0.271997  0.023683
11        -0.068972  0.062370 -0.166336  ... -0.072417   0.107332  0.066318
12        -0.070108  0.120638 -0.134322  ... -0.188972  -0.068783  0.063504
13         0.069748  0.060216  0.051827  ...  0.085065  -0.178987  0.084470
14         0.172668 -0.028781  0.009990  ...  0.183650   0.076921  0.066379
15        -0.200812 -0.056143 -0.050269  ... -0.006165   0.138063 -0.030747
16        -0.141571 -0.033997 -0.131680  ...  0.064253   0.036315 -0.044268
17        -0.172833 -0.067750 -0.174719  ...  0.066071   0.172280 -0.033065
18         0.059712  0.045206 -0.010144  ...  0.064566   0.079710  0.195617
19         0.078849 -0.005233  0.050529  ...  0.190187   0.125221  0.003189
20        -0.226882 -0.363971 -0.009101  ... -0.045090   0.434601 -0.184763
21         0.007306 -0.144138  0.124317  ... -0.099526   0.105300 -0.203273
22         0.060027 -0.065795 -0.032180  ... -0.182535  -0.196372 -0.139564
23        -0.044462 -0.032164 -0.027258  ... -0.067562   0.150972  0.014638
24         0.030595 -0.013833 -0.053034  ...  0.197000   0.077465  0.073783
25        -0.181121  0.065013  0.053969  ...  0.184990   0.179658  0.044862
26         0.235576 -0.184238  0.123405  ... -0.020135   0.135596  0.085137
27        -0.100812  0.065449 -0.082461  ...  0.234751  -0.019276  0.146547
28         0.228884  0.223095  0.055107  ...  0.114760  -0.334647  0.110617
29         0.172597  0.241033  0.019802  ...  0.657853  -0.136473  0.315493
30         0.121441  0.292842  0.053497  ...  1.000000   0.016830  0.248588
COURSE ID -0.304994 -0.430704 -0.118761  ...  0.016830   1.000000  0.142166
GRADE     -0.095251  0.335533  0.104821  ...  0.248588   0.142166  1.000000

[32 rows x 32 columns]
(.corr) --- Zakljucak:
procena stepena linearnog odnosa izmedju 2 numbericke variable
blizu 1: jaka pozitivna linearna veza, v1 se povecava kako se v2 povecava
blizu-1: jaka negativna linearna veza, v1 se povecava kako se v2 povecava
blizu 0: slaba ili nikakva linearna veza
pogledati korelacije kolona sa GRADE