============ PREPROCESSING... ============
STUDENT ID column dropped (unique per row, no generalizable signal)
Target column: GRADE
Encoded classes (model order): ['0', '1', '2', '3', '4', '5', '6', '7']
Feature names: ['1', '2', '3', '4', '5', '6', '7', '8', '9', '10', '11', '12', '13', '14', '15', '16', '17', '18', '19', '20', '21', '22', '23', '24', '25', '26', '27', '28', '29', '30', 'COURSE ID']
Categorical features: [0, 1, 2, 3, 4, 5, 6, 7, 8, 9, 10, 11, 12, 13, 14, 15, 16, 17, 18, 19, 20, 21, 22, 23, 24, 25, 26, 27, 28, 29, 30]
Balansirano: najveca klasa <= 2-2,5 puta najmanje klase; klase imaju slican broj primera
Umereno balansirano: najveca klasa > 3-4 puta najmanje klase
Veoma nebalansirano: najveca klasa === 5-10 puta najmanje klase; klasa ima < 20-30 primera
balanced classes?: 
GRADE
1    35
2    24
3    21
5    17
7    17
6    13
4    10
0     8
Name: count, dtype: int64

Class weights: [2.265625   0.51785714 0.75520833 0.86309524 1.8125     1.06617647
 1.39423077 1.06617647]


============ Particle Swarm Optimization (PSO)... ============
2026-08-19 22:44:34,237 - pyswarms.single.global_best - INFO - Optimize for 15 iters with {'c1': 1.4, 'c2': 1.4, 'w': 0.7}
pyswarms.single.global_best: 100%|██████████████████████████████████████████|15/15, best_cost=-0.284
2026-08-20 10:19:18,181 - pyswarms.single.global_best - INFO - Optimization finished | best cost: -0.28373261802588157, best pos: [0.07847065 6.92894038 7.93870462 2.46897798]

Best parameters found by PSO after 15 iterations:
{'learning_rate': 0.07847065437552077, 'depth': 7, 'l2_leaf_reg': 8, 'random_strength': 2.4689779818219537}


============ Oprimized CatBoostClassifier model... ============

Example probabilities for first test sample:
{'0': '10.76%', '1': '21.64%', '2': '12.8%', '3': '16.72%', '4': '7.77%', '5': '19.25%', '6': '5.74%', '7': '5.31%'}


============ Evaluation metrics... ============
Accuracy: 0.3448
Log-loss: 1.6836
Macro F1: 0.2125
Macro-Precision: 0.2061
Macro-Recall   : 0.2634

Classification Report:
C:\Users\Katarina\Desktop\GitHub\ML-CatBoost-PSO-SHAP(students)\.venv\Lib\site-packages\sklearn\metrics\_classification.py:1879: UndefinedMetricWarning: Precision is ill-defined and being set to 0.0 in labels with no predicted samples. Use `zero_division` parameter to control this behavior.
  _warn_prf(average, modifier, f"{metric.capitalize()} is", result.shape[0])
C:\Users\Katarina\Desktop\GitHub\ML-CatBoost-PSO-SHAP(students)\.venv\Lib\site-packages\sklearn\metrics\_classification.py:1879: UndefinedMetricWarning: Precision is ill-defined and being set to 0.0 in labels with no predicted samples. Use `zero_division` parameter to control this behavior.
  _warn_prf(average, modifier, f"{metric.capitalize()} is", result.shape[0])
C:\Users\Katarina\Desktop\GitHub\ML-CatBoost-PSO-SHAP(students)\.venv\Lib\site-packages\sklearn\metrics\_classification.py:1879: UndefinedMetricWarning: Precision is ill-defined and being set to 0.0 in labels with no predicted samples. Use `zero_division` parameter to control this behavior.
  _warn_prf(average, modifier, f"{metric.capitalize()} is", result.shape[0])
              precision    recall  f1-score   support

           0       0.00      0.00      0.00         2
           1       0.32      0.86      0.46         7
           2       0.00      0.00      0.00         5
           3       0.50      0.25      0.33         4
           4       0.00      0.00      0.00         2
           5       0.00      0.00      0.00         3
           6       0.50      0.67      0.57         3
           7       0.33      0.33      0.33         3

    accuracy                           0.34        29
   macro avg       0.21      0.26      0.21        29
weighted avg       0.23      0.34      0.25        29

[[0 2 0 0 0 0 0 0]
 [0 6 0 0 0 0 0 1]
 [0 5 0 0 0 0 0 0]
 [0 2 0 1 0 1 0 0]
 [0 1 0 1 0 0 0 0]
 [0 3 0 0 0 0 0 0]
 [0 0 0 0 0 0 2 1]
 [0 0 0 0 0 0 2 1]]


============ SHAP... ============

All features influencing GRADE - sort(mas):
      feature     mean_shap  mean_abs_shap  cb_importance
30  COURSE ID -4.695717e-17       0.355377      35.824342
28         29 -3.120820e-18       0.064637       6.611244
10         11  2.362813e-18       0.045078       3.656703
25         26  9.683047e-19       0.037889       4.158509
29         30  3.103061e-18       0.037255       4.089520
9          10 -1.121121e-18       0.029166       4.232401
15         16 -1.779587e-18       0.028247       2.968214
3           4  2.082416e-18       0.026669       2.479142
8           9  2.325427e-18       0.026457       2.723390
7           8 -1.897354e-19       0.026326       2.702412
0           1 -1.644996e-19       0.024757       2.442365
24         25  6.953848e-19       0.023785       2.460028
18         19  1.138412e-18       0.021622       1.850064
16         17 -2.818926e-18       0.021045       2.588543
26         27  9.140946e-19       0.019609       2.300192
27         28 -1.532838e-19       0.019533       2.999500
23         24 -6.411747e-19       0.017784       0.901207
14         15  1.121588e-19       0.017760       2.644950
12         13 -1.525360e-18       0.016986       2.404169
2           3  3.246999e-18       0.015146       1.682871
13         14 -1.932871e-18       0.014785       0.998634
17         18 -5.794874e-19       0.014573       1.929391
11         12  2.766585e-19       0.013650       2.123750
22         23  1.187014e-18       0.012083       0.780870
20         21  4.411581e-19       0.010165       0.901439
5           6 -3.336726e-19       0.008350       0.689200
1           2 -5.981805e-20       0.008146       0.439777
6           7  1.070182e-19       0.003857       0.159583
4           5 -1.149628e-19       0.003325       0.186286
21         22 -1.128598e-19       0.001386       0.062775
19         20 -3.276776e-22       0.000388       0.008529

All features influencing GRADE - sort(ms):
      feature     mean_shap  mean_abs_shap  cb_importance
2           3  3.246999e-18       0.015146       1.682871
29         30  3.103061e-18       0.037255       4.089520
10         11  2.362813e-18       0.045078       3.656703
8           9  2.325427e-18       0.026457       2.723390
3           4  2.082416e-18       0.026669       2.479142
22         23  1.187014e-18       0.012083       0.780870
18         19  1.138412e-18       0.021622       1.850064
25         26  9.683047e-19       0.037889       4.158509
26         27  9.140946e-19       0.019609       2.300192
24         25  6.953848e-19       0.023785       2.460028
20         21  4.411581e-19       0.010165       0.901439
11         12  2.766585e-19       0.013650       2.123750
14         15  1.121588e-19       0.017760       2.644950
6           7  1.070182e-19       0.003857       0.159583
19         20 -3.276776e-22       0.000388       0.008529
1           2 -5.981805e-20       0.008146       0.439777
21         22 -1.128598e-19       0.001386       0.062775
4           5 -1.149628e-19       0.003325       0.186286
27         28 -1.532838e-19       0.019533       2.999500
0           1 -1.644996e-19       0.024757       2.442365
7           8 -1.897354e-19       0.026326       2.702412
5           6 -3.336726e-19       0.008350       0.689200
17         18 -5.794874e-19       0.014573       1.929391
23         24 -6.411747e-19       0.017784       0.901207
9          10 -1.121121e-18       0.029166       4.232401
12         13 -1.525360e-18       0.016986       2.404169
15         16 -1.779587e-18       0.028247       2.968214
13         14 -1.932871e-18       0.014785       0.998634
16         17 -2.818926e-18       0.021045       2.588543
28         29 -3.120820e-18       0.064637       6.611244
30  COURSE ID -4.695717e-17       0.355377      35.824342

All features influencing GRADE - sort(cb):
      feature     mean_shap  mean_abs_shap  cb_importance
30  COURSE ID -4.695717e-17       0.355377      35.824342
28         29 -3.120820e-18       0.064637       6.611244
9          10 -1.121121e-18       0.029166       4.232401
25         26  9.683047e-19       0.037889       4.158509
29         30  3.103061e-18       0.037255       4.089520
10         11  2.362813e-18       0.045078       3.656703
27         28 -1.532838e-19       0.019533       2.999500
15         16 -1.779587e-18       0.028247       2.968214
8           9  2.325427e-18       0.026457       2.723390
7           8 -1.897354e-19       0.026326       2.702412
14         15  1.121588e-19       0.017760       2.644950
16         17 -2.818926e-18       0.021045       2.588543
3           4  2.082416e-18       0.026669       2.479142
24         25  6.953848e-19       0.023785       2.460028
0           1 -1.644996e-19       0.024757       2.442365
12         13 -1.525360e-18       0.016986       2.404169
26         27  9.140946e-19       0.019609       2.300192
11         12  2.766585e-19       0.013650       2.123750
17         18 -5.794874e-19       0.014573       1.929391
18         19  1.138412e-18       0.021622       1.850064
2           3  3.246999e-18       0.015146       1.682871
13         14 -1.932871e-18       0.014785       0.998634
20         21  4.411581e-19       0.010165       0.901439
23         24 -6.411747e-19       0.017784       0.901207
22         23  1.187014e-18       0.012083       0.780870
5           6 -3.336726e-19       0.008350       0.689200
1           2 -5.981805e-20       0.008146       0.439777
4           5 -1.149628e-19       0.003325       0.186286
6           7  1.070182e-19       0.003857       0.159583
21         22 -1.128598e-19       0.001386       0.062775
19         20 -3.276776e-22       0.000388       0.008529

=== Default CatBoost Baseline ===
Accuracy: 0.3103
***Log-loss: 1.8120
Macro-F1       : 0.2112
Macro-Precision: 0.2933
Macro-Recall   : 0.2289

=== Classification Report ===
              precision    recall  f1-score   support

           0       0.00      0.00      0.00         2
           1       0.26      0.71      0.38         7
           2       0.50      0.20      0.29         5
           3       1.00      0.25      0.40         4
           4       0.00      0.00      0.00         2
           5       0.00      0.00      0.00         3
           6       0.33      0.33      0.33         3
           7       0.25      0.33      0.29         3

    accuracy                           0.31        29
   macro avg       0.29      0.23      0.21        29
weighted avg       0.35      0.31      0.26        29


=== Confusion Matrix: ===
[[0 2 0 0 0 0 0 0]
 [0 5 1 0 0 0 0 1]
 [0 4 1 0 0 0 0 0]
 [0 3 0 1 0 0 0 0]
 [0 2 0 0 0 0 0 0]
 [0 3 0 0 0 0 0 0]
 [0 0 0 0 0 0 1 2]
 [0 0 0 0 0 0 2 1]]
<class 'pandas.DataFrame'>
Loaded: (145, 33)
Columns: ['STUDENT ID', '1', '2', '3', '4', '5', '6', '7', '8', '9', '10', '11', '12', '13', '14', '15', '16', '17', '18', '19', '20', '21', '22', '23', '24', '25', '26', '27', '28', '29', '30', 'COURSE ID', 'GRADE']
head: 
   1  2  3  4  5  6  7  8  9  10  11  12  ...  21  22  23  24  25  26  27  28  29  30  COURSE ID  GRADE
0  2  2  3  3  1  2  2  1  1   1   1   2  ...   1   1   1   1   3   2   1   2   1   1          1      1
1  2  2  3  3  1  2  2  1  1   1   2   3  ...   1   1   1   1   3   2   3   2   2   3          1      1
2  2  2  2  3  2  2  2  2  4   2   2   2  ...   1   1   1   1   2   2   1   1   2   2          1      1
3  1  1  1  3  1  2  1  2  1   2   1   2  ...   1   1   1   2   3   2   2   1   3   2          1      1
4  2  2  1  3  2  2  1  3  1   4   3   3  ...   1   1   2   1   2   2   2   1   2   2          1      1

[5 rows x 32 columns]

tail: 
<bound method NDFrame.tail of      1  2  3  4  5  6  7  8  9  10  11  12  ...  21  22  23  24  25  26  27  28  29  30  COURSE ID  GRADE
0    2  2  3  3  1  2  2  1  1   1   1   2  ...   1   1   1   1   3   2   1   2   1   1          1      1
1    2  2  3  3  1  2  2  1  1   1   2   3  ...   1   1   1   1   3   2   3   2   2   3          1      1
2    2  2  2  3  2  2  2  2  4   2   2   2  ...   1   1   1   1   2   2   1   1   2   2          1      1
3    1  1  1  3  1  2  1  2  1   2   1   2  ...   1   1   1   2   3   2   2   1   3   2          1      1
4    2  2  1  3  2  2  1  3  1   4   3   3  ...   1   1   2   1   2   2   2   1   2   2          1      1
..  .. .. .. .. .. .. .. .. ..  ..  ..  ..  ...  ..  ..  ..  ..  ..  ..  ..  ..  ..  ..        ...    ...
140  2  1  2  3  1  1  2  1  1   2   1   2  ...   1   1   1   1   2   1   2   1   3   3          9      5
141  1  1  2  4  2  2  2  1  4   2   1   1  ...   1   2   1   1   3   2   2   1   5   3          9      5
142  1  1  1  4  2  2  2  1  1   1   3   4  ...   1   1   1   1   3   3   2   1   4   3          9      1
143  2  1  2  4  1  1  1  5  2   3   4   4  ...   1   1   2   1   2   1   2   1   5   3          9      4
144  1  1  1  5  2  2  2  3  1   1   3   1  ...   1   1   2   1   3   2   3   1   5   4          9      3

[145 rows x 32 columns]>

index: RangeIndex(start=0, stop=145, step=1)

1. red dataframe-a: 
1            2
2            2
3            3
4            3
5            1
6            2
7            2
8            1
9            1
10           1
11           1
12           2
13           3
14           1
15           2
16           5
17           3
18           2
19           2
20           1
21           1
22           1
23           1
24           1
25           3
26           2
27           1
28           2
29           1
30           1
COURSE ID    1
GRADE        1
Name: 0, dtype: int64

DataFrame ima 2 dimenzije
Featurs/Kolone:  Index(['1', '2', '3', '4', '5', '6', '7', '8', '9', '10', '11', '12', '13',
       '14', '15', '16', '17', '18', '19', '20', '21', '22', '23', '24', '25',
       '26', '27', '28', '29', '30', 'COURSE ID', 'GRADE'],
      dtype='str')
Odgovori za GRADE (target/label variable):  [1 2 5 0 3 4 7 6]
Vrednosti: 
 [[2 2 3 ... 1 1 1]
 [2 2 3 ... 3 1 1]
 [2 2 2 ... 2 1 1]
 ...
 [1 1 1 ... 3 9 1]
 [2 1 2 ... 3 9 4]
 [1 1 1 ... 4 9 3]]
Dataframe ima 145 zapisa/redova i 32 obelezja/kolona(labels)

Dataframe ima 145 zapisa/redova i 32 obelezja/kolona(labels)

Transponovan dataframe: 
           0    1    2    3    4    5    6    7    8    ...  136  137  138  139  140  141  142  143  144
1            2    2    2    1    2    2    1    1    2  ...    1    1    1    1    2    1    1    2    1
2            2    2    2    1    2    2    2    1    1  ...    1    1    1    1    1    1    1    1    1
3            3    3    2    1    1    2    2    2    3  ...    2    1    2    2    2    2    1    2    1
4            3    3    3    3    3    3    4    3    3  ...    3    5    4    4    3    4    4    4    5
5            1    1    2    1    2    2    2    1    2  ...    1    2    1    1    1    2    2    1    2
6            2    2    2    2    2    2    2    1    1  ...    1    1    1    2    1    2    2    1    2
7            2    2    2    1    1    2    2    1    1  ...    1    2    1    1    2    2    2    1    2
8            1    1    2    2    3    2    1    2    1  ...    1    1    5    2    1    1    1    5    3
9            1    1    4    1    1    1    1    2    1  ...    2    1    2    2    1    4    1    2    1
10           1    1    2    2    4    1    3    3    3  ...    3    1    3    3    2    2    1    3    1
11           1    2    2    1    3    3    1    4    2  ...    3    2    3    3    1    1    3    4    3
12           2    3    2    2    3    3    3    3    4  ...    3    2    1    3    2    1    4    4    1
13           3    2    2    5    2    2    1    1    2  ...    3    2    1    1    2    5    4    1    5
14           1    1    1    1    1    1    1    1    1  ...    1    1    2    1    2    1    1    1    1
15           2    2    2    2    2    2    2    4    2  ...    3    2    4    5    2    2    2    3    2
16           5    1    1    1    4    3    4    3    4  ...    4    1    5    4    4    1    4    3    4
17           3    2    2    3    2    1    2    1    1  ...    2    2    2    1    3    3    2    2    3
18           2    2    1    1    1    1    2    2    2  ...    2    2    2    1    3    2    2    2    1
19           2    2    2    2    1    2    2    2    2  ...    2    2    3    2    2    2    2    1    1
20           1    1    1    1    1    1    2    1    1  ...    2    1    2    2    1    2    1    1    1
21           1    1    1    1    1    1    1    1    1  ...    1    1    3    1    1    1    1    1    1
22           1    1    1    1    1    1    2    1    1  ...    1    1    1    2    1    2    1    1    1
23           1    1    1    1    2    1    1    3    1  ...    3    1    2    2    1    1    1    2    2
24           1    1    1    2    1    1    1    1    1  ...    1    1    1    1    1    1    1    1    1
25           3    3    2    3    2    1    3    3    3  ...    3    3    3    2    2    3    3    2    3
26           2    2    2    2    2    2    3    2    2  ...    2    1    2    3    1    2    3    1    2
27           1    3    1    2    2    1    3    2    2  ...    2    3    3    2    2    2    2    2    3
28           2    2    1    1    1    2    3    1    2  ...    1    1    1    1    1    1    1    1    1
29           1    2    2    3    2    4    4    1    4  ...    2    2    1    1    3    5    4    5    5
30           1    3    2    2    2    4    4    1    3  ...    2    4    3    2    3    3    3    3    4
COURSE ID    1    1    1    1    1    1    1    1    1  ...    9    9    9    9    9    9    9    9    9
GRADE        1    1    1    1    1    2    5    2    5  ...    0    2    0    0    5    5    1    4    3

[32 rows x 145 columns]
max vrednosti kolona: 
1            3
2            2
3            3
4            5
5            2
6            2
7            2
8            5
9            4
10           4
11           6
12           6
13           5
14           3
15           5
16           5
17           5
18           3
19           3
20           2
21           3
22           2
23           3
24           3
25           3
26           3
27           3
28           3
29           5
30           4
COURSE ID    9
GRADE        7
dtype: int64

min vrednosti kolona: 
1            1
2            1
3            1
4            1
5            1
6            1
7            1
8            1
9            1
10           1
11           1
12           1
13           1
14           1
15           1
16           1
17           1
18           1
19           1
20           1
21           1
22           1
23           1
24           1
25           1
26           1
27           1
28           1
29           1
30           1
COURSE ID    1
GRADE        0
dtype: int64

<class 'pandas.DataFrame'>
RangeIndex: 145 entries, 0 to 144
Data columns (total 32 columns):
 #   Column     Non-Null Count  Dtype
---  ------     --------------  -----
 0   1          145 non-null    int64
 1   2          145 non-null    int64
 2   3          145 non-null    int64
 3   4          145 non-null    int64
 4   5          145 non-null    int64
 5   6          145 non-null    int64
 6   7          145 non-null    int64
 7   8          145 non-null    int64
 8   9          145 non-null    int64
 9   10         145 non-null    int64
 10  11         145 non-null    int64
 11  12         145 non-null    int64
 12  13         145 non-null    int64
 13  14         145 non-null    int64
 14  15         145 non-null    int64
 15  16         145 non-null    int64
 16  17         145 non-null    int64
 17  18         145 non-null    int64
 18  19         145 non-null    int64
 19  20         145 non-null    int64
 20  21         145 non-null    int64
 21  22         145 non-null    int64
 22  23         145 non-null    int64
 23  24         145 non-null    int64
 24  25         145 non-null    int64
 25  26         145 non-null    int64
 26  27         145 non-null    int64
 27  28         145 non-null    int64
 28  29         145 non-null    int64
 29  30         145 non-null    int64
 30  COURSE ID  145 non-null    int64
 31  GRADE      145 non-null    int64
dtypes: int64(32)
memory usage: 36.4 KB
None
(.info) --- Zakljucak:
DataFrame ima 145 redova i 32 kolona
Vidimo kako su imenovane kolone
Kolone imaju int podatke (int64)
svaka kolona ima non-null vrednosti, tj. nemamo nedostajuce vrednosti

                1           2           3  ...          30   COURSE ID       GRADE
count  145.000000  145.000000  145.000000  ...  145.000000  145.000000  145.000000
mean     1.620690    1.600000    1.944828  ...    2.724138    4.131034    3.227586
std      0.613154    0.491596    0.537216  ...    0.916536    3.260145    2.197678
min      1.000000    1.000000    1.000000  ...    1.000000    1.000000    0.000000
25%      1.000000    1.000000    2.000000  ...    2.000000    1.000000    1.000000
50%      2.000000    2.000000    2.000000  ...    3.000000    3.000000    3.000000
75%      2.000000    2.000000    2.000000  ...    3.000000    7.000000    5.000000
max      3.000000    2.000000    3.000000  ...    4.000000    9.000000    7.000000

[8 rows x 32 columns]
(.describe) --- Zakljucak:
count: broj non-null podataka za svaku kolonu, nemamo prazna polja
mean(avg): srednja vrednost svakog pitanja
std(standardna devijacija): disperzija vrednosti svake kolone oko mean, veci std ukazuje na vecu disperziju oko mean vrednosti
min,max: najmanja i najveca vrednost za svaku kolonu
%: distribucija podataka, npr 25% ispitanika je izabralo odredjenu vrednost za odredjeno pitanje

                  1         2         3         4  ...        29        30  COURSE ID     GRADE
1          1.000000  0.138233  0.294426 -0.316506  ...  0.172597  0.121441  -0.304994 -0.095251
2          0.138233  1.000000  0.126218 -0.206876  ...  0.241033  0.292842  -0.430704  0.335533
3          0.294426  0.126218  1.000000 -0.086965  ...  0.019802  0.053497  -0.118761  0.104821
4         -0.316506 -0.206876 -0.086965  1.000000  ...  0.236460  0.243517   0.317563  0.023963
5         -0.181019  0.190476 -0.155331  0.055351  ...  0.034666  0.007706  -0.114794  0.167445
6          0.138233  0.224138  0.073627 -0.154281  ...  0.002171 -0.092476  -0.326711 -0.062993
7          0.042572 -0.125471  0.016557  0.120346  ... -0.058479 -0.012658   0.068769 -0.051778
8          0.127853 -0.022154 -0.126440 -0.119024  ... -0.100950 -0.058644  -0.123024 -0.166352
9          0.001472 -0.013313  0.023944  0.028288  ... -0.036078  0.005909   0.114839 -0.156289
10        -0.199257 -0.154957 -0.018990  0.036543  ... -0.082775 -0.007332   0.271997  0.023683
11        -0.068972  0.062370 -0.166336 -0.109006  ... -0.065851 -0.072417   0.107332  0.066318
12        -0.070108  0.120638 -0.134322 -0.222776  ... -0.081027 -0.188972  -0.068783  0.063504
13         0.069748  0.060216  0.051827 -0.037831  ...  0.135240  0.085065  -0.178987  0.084470
14         0.172668 -0.028781  0.009990 -0.005450  ...  0.085872  0.183650   0.076921  0.066379
15        -0.200812 -0.056143 -0.050269  0.023919  ... -0.016276 -0.006165   0.138063 -0.030747
16        -0.141571 -0.033997 -0.131680 -0.012785  ... -0.030203  0.064253   0.036315 -0.044268
17        -0.172833 -0.067750 -0.174719  0.003758  ...  0.008145  0.066071   0.172280 -0.033065
18         0.059712  0.045206 -0.010144  0.008877  ... -0.075979  0.064566   0.079710  0.195617
19         0.078849 -0.005233  0.050529  0.061543  ... -0.071658  0.190187   0.125221  0.003189
20        -0.226882 -0.363971 -0.009101  0.214838  ... -0.192637 -0.045090   0.434601 -0.184763
21         0.007306 -0.144138  0.124317  0.041443  ... -0.097340 -0.099526   0.105300 -0.203273
22         0.060027 -0.065795 -0.032180 -0.141190  ... -0.178305 -0.182535  -0.196372 -0.139564
23        -0.044462 -0.032164 -0.027258  0.027357  ... -0.087524 -0.067562   0.150972  0.014638
24         0.030595 -0.013833 -0.053034  0.005529  ...  0.183201  0.197000   0.077465  0.073783
25        -0.181121  0.065013  0.053969  0.164447  ...  0.143541  0.184990   0.179658  0.044862
26         0.235576 -0.184238  0.123405  0.018147  ...  0.055427 -0.020135   0.135596  0.085137
27        -0.100812  0.065449 -0.082461  0.147922  ...  0.220125  0.234751  -0.019276  0.146547
28         0.228884  0.223095  0.055107 -0.095411  ...  0.180940  0.114760  -0.334647  0.110617
29         0.172597  0.241033  0.019802  0.236460  ...  1.000000  0.657853  -0.136473  0.315493
30         0.121441  0.292842  0.053497  0.243517  ...  0.657853  1.000000   0.016830  0.248588
COURSE ID -0.304994 -0.430704 -0.118761  0.317563  ... -0.136473  0.016830   1.000000  0.142166
GRADE     -0.095251  0.335533  0.104821  0.023963  ...  0.315493  0.248588   0.142166  1.000000

[32 rows x 32 columns]
(.corr) --- Zakljucak:
procena stepena linearnog odnosa izmedju 2 numbericke variable
blizu 1: jaka pozitivna linearna veza, v1 se povecava kako se v2 povecava
blizu-1: jaka negativna linearna veza, v1 se povecava kako se v2 povecava
blizu 0: slaba ili nikakva linearna veza
pogledati korelacije kolona sa GRADE