(.venv) PS C:\Users\Katarina\Desktop\GitHub\ML-CatBoost-PSO-SHAP(students)> python catboostpaper_students_all_repeated_stratified_k_fold.py 
                                                                                                     

============ PREPROCESSING... ============
STUDENT ID column dropped (unique per row, no generalizable signal)
Target column: GRADE
Encoded classes (model order): ['0', '1', '2', '3', '4', '5', '6', '7']
Feature names: ['1', '2', '3', '4', '5', '6', '7', '8', '9', '10', '11', '12', '13', '14', '15', '16', '17', '18', '19', '20', '21', '22', '23', '24', '25', '26', '27', '28', '29', '30', 'COURSE ID']
Categorical features: [0, 1, 2, 3, 4, 5, 6, 7, 8, 9, 10, 11, 12, 13, 14, 15, 16, 17, 18, 19, 20, 21, 22, 23, 24, 25, 26, 27, 28, 29, 30]
Balansirano: najveca klasa <= 2-2,5 puta najmanje klase; klase imaju slican broj primera
Umereno balansirano: najveca klasa > 3-4 puta najmanje klase
Veoma nebalansirano: najveca klasa === 5-10 puta najmanje klase; klasa ima < 20-30 primera
balanced classes?: 
GRADE
1    35
2    24
3    21
5    17
7    17
6    13
4    10
0     8
Name: count, dtype: int64

Class weights: [2.265625   0.51785714 0.75520833 0.86309524 1.8125     1.06617647
 1.39423077 1.06617647]


============ Particle Swarm Optimization (PSO)... ============

[KOREKCIJA kom.2] Trening skup: 116 studenata | Test skup: 29 studenata (test skup se NE koristi ni u PSO-u ni za rano zaustavljanje)
2026-09-11 08:29:19,588 - pyswarms.single.global_best - INFO - Optimize for 15 iters with {'c1': 1.4, 'c2': 1.4, 'w': 0.7}
pyswarms.single.global_best: 100%|█████████████████████████████████████████████████████████████████████████████████|15/15, best_cost=-0.217
2026-09-11 14:38:03,135 - pyswarms.single.global_best - INFO - Optimization finished | best cost: -0.21656142300499157, best pos: [0.04330769 4.84872184 1.33711189 1.3744708 ]

Best parameters found by PSO after 15 iterations:
{'learning_rate': 0.04330769105259435, 'depth': 5, 'l2_leaf_reg': 1, 'random_strength': 1.374470799717045}


============ Oprimized CatBoostClassifier model... ============
[KOREKCIJA kom.2] Rano zaustavljanje na internom val skupu: 92 za treniranje, 24 za validaciju (iz trening skupa)

Example probabilities for first test sample:
{'0': '8.09%', '1': '25.84%', '2': '9.01%', '3': '20.14%', '4': '8.6%', '5': '20.35%', '6': '3.75%', '7': '4.22%'}


============ Evaluation metrics... ============
Accuracy: 0.3448
Log-loss: 1.6525
Macro F1: 0.1918
Macro-Precision: 0.1551
Macro-Recall   : 0.2768

Classification Report:
C:\Users\Katarina\Desktop\GitHub\ML-CatBoost-PSO-SHAP(students)\.venv\Lib\site-packages\sklearn\metrics\_classification.py:1879: UndefinedMetricWarning: Precision is ill-defined and being set to 0.0 in labels with no predicted samples. Use `zero_division` parameter to control this behavior.
  _warn_prf(average, modifier, f"{metric.capitalize()} is", result.shape[0])
C:\Users\Katarina\Desktop\GitHub\ML-CatBoost-PSO-SHAP(students)\.venv\Lib\site-packages\sklearn\metrics\_classification.py:1879: UndefinedMetricWarning: Precision is ill-defined and being set to 0.0 in labels with no predicted samples. Use `zero_division` parameter to control this behavior.
  _warn_prf(average, modifier, f"{metric.capitalize()} is", result.shape[0])
C:\Users\Katarina\Desktop\GitHub\ML-CatBoost-PSO-SHAP(students)\.venv\Lib\site-packages\sklearn\metrics\_classification.py:1879: UndefinedMetricWarning: Precision is ill-defined and being set to 0.0 in labels with no predicted samples. Use `zero_division` parameter to control this behavior.
  _warn_prf(average, modifier, f"{metric.capitalize()} is", result.shape[0])
              precision    recall  f1-score   support

           0       0.00      0.00      0.00         2
           1       0.31      0.71      0.43         7
           2       0.00      0.00      0.00         5
           3       0.50      0.50      0.50         4
           4       0.00      0.00      0.00         2
           5       0.00      0.00      0.00         3
           6       0.00      0.00      0.00         3
           7       0.43      1.00      0.60         3

    accuracy                           0.34        29
   macro avg       0.16      0.28      0.19        29
weighted avg       0.19      0.34      0.24        29

[[0 1 1 0 0 0 0 0]
 [0 5 0 1 0 0 0 1]
 [0 5 0 0 0 0 0 0]
 [0 1 1 2 0 0 0 0]
 [0 1 0 1 0 0 0 0]
 [0 3 0 0 0 0 0 0]
 [0 0 0 0 0 0 0 3]
 [0 0 0 0 0 0 0 3]]


============ [KOREKCIJA kom.1] Bootstrap 95% CI - optimizovani ansambl ============

--- Optimizovani model (soft-voting ansambl) ---
  accuracy        : 0.3448   95% CI [0.1724, 0.5172]
  log_loss        : 1.6503   95% CI [1.4860, 1.8231]
  macro_f1        : 0.1911   95% CI [0.0935, 0.2957]
  macro_precision : 0.1597   95% CI [0.0677, 0.2721]
  macro_recall    : 0.2847   95% CI [0.1606, 0.3963]


============ SHAP... ============

[KOREKCIJA kom.4] Vaznost obelezja usrednjena preko 5 modela (+ st. devijacija preko 5):
  feature  mean_abs_shap  mean_abs_shap_std_across_5  cb_importance  cb_importance_std_across_5
COURSE ID       0.439557                    0.094064      25.460043                    1.778811
       29       0.096761                    0.016411       7.797592                    1.039218
        1       0.063086                    0.027166       4.075328                    0.969465
        4       0.058203                    0.025937       4.419647                    0.910076
       21       0.056207                    0.011551       2.828092                    0.372515
       17       0.046469                    0.016526       4.288948                    0.965328
       11       0.043639                    0.009417       3.773594                    0.966179
       13       0.041981                    0.008328       3.745562                    0.453166
       10       0.041132                    0.008860       3.417317                    0.626615
       26       0.039425                    0.010350       2.959691                    0.785613
       16       0.038371                    0.024615       2.817712                    1.654201
        3       0.036896                    0.013681       2.889697                    0.677451

All features influencing GRADE - sort(mas):
      feature     mean_shap  mean_abs_shap  cb_importance
30  COURSE ID  1.698833e-18       0.439557      25.460043
28         29 -1.398247e-19       0.096761       7.797592
0           1 -2.082696e-18       0.063086       4.075328
3           4  1.464795e-18       0.058203       4.419647
20         21  3.798446e-19       0.056207       2.828092
16         17 -1.828750e-18       0.046469       4.288948
10         11 -6.673451e-19       0.043639       3.773594
12         13 -1.054667e-18       0.041981       3.745562
9          10  3.338595e-19       0.041132       3.417317
25         26  6.042558e-19       0.039425       2.959691
15         16 -1.539567e-18       0.038371       2.817712
2           3 -2.135131e-18       0.036896       2.889697
8           9 -3.791343e-18       0.036779       2.698906
7           8  4.501776e-19       0.036473       2.563999
14         15  1.079342e-18       0.036127       2.530249
27         28 -4.197895e-18       0.036067       3.490051
17         18  1.489002e-18       0.035481       2.724460
29         30  4.194741e-19       0.034599       2.477000
11         12 -3.738628e-19       0.032702       3.358493
24         25 -4.599634e-18       0.032466       1.474877
26         27  1.045134e-18       0.031609       2.296412
13         14  5.119117e-18       0.030759       1.764829
18         19 -7.469779e-19       0.027282       1.984573
22         23  1.176920e-18       0.025457       1.457574
23         24 -6.290242e-20       0.021690       0.659781
21         22 -6.411747e-20       0.015606       0.691641
1           2  1.149628e-19       0.012637       0.760404
5           6  1.912659e-19       0.008180       0.313899
6           7 -1.649670e-20       0.004119       0.111827
4           5  1.411098e-19       0.003879       0.157245
19         20  4.981722e-20       0.000437       0.010559

All features influencing GRADE - sort(ms):
      feature     mean_shap  mean_abs_shap  cb_importance
13         14  5.119117e-18       0.030759       1.764829
30  COURSE ID  1.698833e-18       0.439557      25.460043
17         18  1.489002e-18       0.035481       2.724460
3           4  1.464795e-18       0.058203       4.419647
22         23  1.176920e-18       0.025457       1.457574
14         15  1.079342e-18       0.036127       2.530249
26         27  1.045134e-18       0.031609       2.296412
25         26  6.042558e-19       0.039425       2.959691
7           8  4.501776e-19       0.036473       2.563999
29         30  4.194741e-19       0.034599       2.477000
20         21  3.798446e-19       0.056207       2.828092
9          10  3.338595e-19       0.041132       3.417317
5           6  1.912659e-19       0.008180       0.313899
4           5  1.411098e-19       0.003879       0.157245
1           2  1.149628e-19       0.012637       0.760404
19         20  4.981722e-20       0.000437       0.010559
6           7 -1.649670e-20       0.004119       0.111827
23         24 -6.290242e-20       0.021690       0.659781
21         22 -6.411747e-20       0.015606       0.691641
28         29 -1.398247e-19       0.096761       7.797592
11         12 -3.738628e-19       0.032702       3.358493
10         11 -6.673451e-19       0.043639       3.773594
18         19 -7.469779e-19       0.027282       1.984573
12         13 -1.054667e-18       0.041981       3.745562
15         16 -1.539567e-18       0.038371       2.817712
16         17 -1.828750e-18       0.046469       4.288948
0           1 -2.082696e-18       0.063086       4.075328
2           3 -2.135131e-18       0.036896       2.889697
8           9 -3.791343e-18       0.036779       2.698906
27         28 -4.197895e-18       0.036067       3.490051
24         25 -4.599634e-18       0.032466       1.474877

All features influencing GRADE - sort(cb):
      feature     mean_shap  mean_abs_shap  cb_importance
30  COURSE ID  1.698833e-18       0.439557      25.460043
28         29 -1.398247e-19       0.096761       7.797592
3           4  1.464795e-18       0.058203       4.419647
16         17 -1.828750e-18       0.046469       4.288948
0           1 -2.082696e-18       0.063086       4.075328
10         11 -6.673451e-19       0.043639       3.773594
12         13 -1.054667e-18       0.041981       3.745562
27         28 -4.197895e-18       0.036067       3.490051
9          10  3.338595e-19       0.041132       3.417317
11         12 -3.738628e-19       0.032702       3.358493
25         26  6.042558e-19       0.039425       2.959691
2           3 -2.135131e-18       0.036896       2.889697
20         21  3.798446e-19       0.056207       2.828092
15         16 -1.539567e-18       0.038371       2.817712
17         18  1.489002e-18       0.035481       2.724460
8           9 -3.791343e-18       0.036779       2.698906
7           8  4.501776e-19       0.036473       2.563999
14         15  1.079342e-18       0.036127       2.530249
29         30  4.194741e-19       0.034599       2.477000
26         27  1.045134e-18       0.031609       2.296412
18         19 -7.469779e-19       0.027282       1.984573
13         14  5.119117e-18       0.030759       1.764829
24         25 -4.599634e-18       0.032466       1.474877
22         23  1.176920e-18       0.025457       1.457574
1           2  1.149628e-19       0.012637       0.760404
21         22 -6.411747e-20       0.015606       0.691641
23         24 -6.290242e-20       0.021690       0.659781
5           6  1.912659e-19       0.008180       0.313899
4           5  1.411098e-19       0.003879       0.157245
6           7 -1.649670e-20       0.004119       0.111827
19         20  4.981722e-20       0.000437       0.010559

=== Default CatBoost Baseline ===
Accuracy: 0.3103
***Log-loss: 1.8120
Macro-F1       : 0.2112
Macro-Precision: 0.2933
Macro-Recall   : 0.2289

=== Classification Report ===
              precision    recall  f1-score   support

           0       0.00      0.00      0.00         2
           1       0.26      0.71      0.38         7
           2       0.50      0.20      0.29         5
           3       1.00      0.25      0.40         4
           4       0.00      0.00      0.00         2
           5       0.00      0.00      0.00         3
           6       0.33      0.33      0.33         3
           7       0.25      0.33      0.29         3

    accuracy                           0.31        29
   macro avg       0.29      0.23      0.21        29
weighted avg       0.35      0.31      0.26        29


=== Confusion Matrix: ===
[[0 2 0 0 0 0 0 0]
 [0 5 1 0 0 0 0 1]
 [0 4 1 0 0 0 0 0]
 [0 3 0 1 0 0 0 0]
 [0 2 0 0 0 0 0 0]
 [0 3 0 0 0 0 0 0]
 [0 0 0 0 0 0 1 2]
 [0 0 0 0 0 0 2 1]]


============ [KOREKCIJA kom.1] Bootstrap 95% CI - bazni (default) model ============

--- Bazni model (default CatBoost) ---
  accuracy        : 0.3103   95% CI [0.1724, 0.4828]
  log_loss        : 1.8111   95% CI [1.4195, 2.2680]
  macro_f1        : 0.1938   95% CI [0.0689, 0.3520]
  macro_precision : 0.2477   95% CI [0.0559, 0.4479]
  macro_recall    : 0.2320   95% CI [0.1007, 0.3980]

--- Uparena bootstrap razlika (optimizovani - bazni), isti resemplovani test skup ---
  accuracy        : razlika median +0.0345   95% CI [-0.1379, +0.2069]   udeo resemplova u korist optimizovanog: 58.4%
  log_loss        : razlika median -0.1577   95% CI [-0.5093, +0.1584]   udeo resemplova u korist optimizovanog: 83.5%
  macro_f1        : razlika median -0.0031   95% CI [-0.1570, +0.1400]   udeo resemplova u korist optimizovanog: 48.3%
  macro_precision : razlika median -0.0828   95% CI [-0.2868, +0.1187]   udeo resemplova u korist optimizovanog: 20.0%
  macro_recall    : razlika median +0.0521   95% CI [-0.1013, +0.2004]   udeo resemplova u korist optimizovanog: 74.0%
NAPOMENA: ovo NIJE formalni test znacajnosti; sluzi samo kao gruba mera pouzdanosti razlike na test skupu od svega 29 studenata.


============ [KOREKCIJA kom.3] Ablaciona analiza ============
  A) default CatBoost (= bazni)                              acc=0.3103  logloss=1.8120  macroF1=0.2112  macroP=0.2933  macroR=0.2289
  B) + balansirane tezine klasa                              acc=0.2759  logloss=1.7392  macroF1=0.1960  macroP=0.1851  macroR=0.2182
  C) + PSO hiperparametri (jedan model)                      acc=0.2414  logloss=1.7538  macroF1=0.1333  macroP=0.1181  macroR=0.1726
  D) + ansambl 5 modela, soft voting (= optimizovani)        acc=0.3448  logloss=1.6525  macroF1=0.1918  macroP=0.1551  macroR=0.2768
NAPOMENA: PSO hiperparametri (best_params) su nasledjeni iz gornje optimizacije; ablacija ne pokrece PSO ponovo.
<class 'pandas.DataFrame'>
Loaded: (145, 33)
Columns: ['STUDENT ID', '1', '2', '3', '4', '5', '6', '7', '8', '9', '10', '11', '12', '13', '14', '15', '16', '17', '18', '19', '20', '21', '22', '23', '24', '25', '26', '27', '28', '29', '30', 'COURSE ID', 'GRADE']
head: 
   1  2  3  4  5  6  7  8  9  10  11  12  13  14  15  16  17  18  19  20  21  22  23  24  25  26  27  28  29  30  COURSE ID  GRADE
0  2  2  3  3  1  2  2  1  1   1   1   2   3   1   2   5   3   2   2   1   1   1   1   1   3   2   1   2   1   1          1      1
1  2  2  3  3  1  2  2  1  1   1   2   3   2   1   2   1   2   2   2   1   1   1   1   1   3   2   3   2   2   3          1      1
2  2  2  2  3  2  2  2  2  4   2   2   2   2   1   2   1   2   1   2   1   1   1   1   1   2   2   1   1   2   2          1      1
3  1  1  1  3  1  2  1  2  1   2   1   2   5   1   2   1   3   1   2   1   1   1   1   2   3   2   2   1   3   2          1      1
4  2  2  1  3  2  2  1  3  1   4   3   3   2   1   2   4   2   1   1   1   1   1   2   1   2   2   2   1   2   2          1      1

tail: 
<bound method NDFrame.tail of      1  2  3  4  5  6  7  8  9  10  11  12  13  14  15  16  17  18  19  20  21  22  23  24  25  26  27  28  29  30  COURSE ID  GRADE
0    2  2  3  3  1  2  2  1  1   1   1   2   3   1   2   5   3   2   2   1   1   1   1   1   3   2   1   2   1   1          1      1
1    2  2  3  3  1  2  2  1  1   1   2   3   2   1   2   1   2   2   2   1   1   1   1   1   3   2   3   2   2   3          1      1
2    2  2  2  3  2  2  2  2  4   2   2   2   2   1   2   1   2   1   2   1   1   1   1   1   2   2   1   1   2   2          1      1
3    1  1  1  3  1  2  1  2  1   2   1   2   5   1   2   1   3   1   2   1   1   1   1   2   3   2   2   1   3   2          1      1
4    2  2  1  3  2  2  1  3  1   4   3   3   2   1   2   4   2   1   1   1   1   1   2   1   2   2   2   1   2   2          1      1
..  .. .. .. .. .. .. .. .. ..  ..  ..  ..  ..  ..  ..  ..  ..  ..  ..  ..  ..  ..  ..  ..  ..  ..  ..  ..  ..  ..        ...    ...
140  2  1  2  3  1  1  2  1  1   2   1   2   2   2   2   4   3   3   2   1   1   1   1   1   2   1   2   1   3   3          9      5
141  1  1  2  4  2  2  2  1  4   2   1   1   5   1   2   1   3   2   2   2   1   2   1   1   3   2   2   1   5   3          9      5
142  1  1  1  4  2  2  2  1  1   1   3   4   4   1   2   4   2   2   2   1   1   1   1   1   3   3   2   1   4   3          9      1
143  2  1  2  4  1  1  1  5  2   3   4   4   1   1   3   3   2   2   1   1   1   1   2   1   2   1   2   1   5   3          9      4
144  1  1  1  5  2  2  2  3  1   1   3   1   5   1   2   4   3   1   1   1   1   1   2   1   3   2   3   1   5   4          9      3

[145 rows x 32 columns]>

index: RangeIndex(start=0, stop=145, step=1)

1. red dataframe-a: 
1            2
2            2
3            3
4            3
5            1
6            2
7            2
8            1
9            1
10           1
11           1
12           2
13           3
14           1
15           2
16           5
17           3
18           2
19           2
20           1
21           1
22           1
23           1
24           1
25           3
26           2
27           1
28           2
29           1
30           1
COURSE ID    1
GRADE        1
Name: 0, dtype: int64

DataFrame ima 2 dimenzije
Featurs/Kolone:  Index(['1', '2', '3', '4', '5', '6', '7', '8', '9', '10', '11', '12', '13',
       '14', '15', '16', '17', '18', '19', '20', '21', '22', '23', '24', '25',
       '26', '27', '28', '29', '30', 'COURSE ID', 'GRADE'],
      dtype='str')
Odgovori za GRADE (target/label variable):  [1 2 5 0 3 4 7 6]
Vrednosti: 
 [[2 2 3 ... 1 1 1]
 [2 2 3 ... 3 1 1]
 [2 2 2 ... 2 1 1]
 ...
 [1 1 1 ... 3 9 1]
 [2 1 2 ... 3 9 4]
 [1 1 1 ... 4 9 3]]
Dataframe ima 145 zapisa/redova i 32 obelezja/kolona(labels)

Dataframe ima 145 zapisa/redova i 32 obelezja/kolona(labels)

Transponovan dataframe: 
           0    1    2    3    4    5    6    7    8    9    10   11   12   ...  132  133  134  135  136  137  138  139  140  141  142  143  144
1            2    2    2    1    2    2    1    1    2    2    1    1    1  ...    1    1    1    2    1    1    1    1    2    1    1    2    1
2            2    2    2    1    2    2    2    1    1    1    1    1    1  ...    1    1    1    1    1    1    1    1    1    1    1    1    1
3            3    3    2    1    1    2    2    2    3    2    1    1    1  ...    1    2    2    2    2    1    2    2    2    2    1    2    1
4            3    3    3    3    3    3    4    3    3    3    3    4    4  ...    5    5    4    3    3    5    4    4    3    4    4    4    5
5            1    1    2    1    2    2    2    1    2    2    2    1    2  ...    2    2    2    1    1    2    1    1    1    2    2    1    2
6            2    2    2    2    2    2    2    1    1    2    2    1    2  ...    1    2    1    1    1    1    1    2    1    2    2    1    2
7            2    2    2    1    1    2    2    1    1    1    2    2    2  ...    2    1    2    2    1    2    1    1    2    2    2    1    2
8            1    1    2    2    3    2    1    2    1    3    3    4    1  ...    1    1    1    1    1    1    5    2    1    1    1    5    3
9            1    1    4    1    1    1    1    2    1    4    2    2    1  ...    1    1    2    4    2    1    2    2    1    4    1    2    1
10           1    1    2    2    4    1    3    3    3    2    3    3    1  ...    2    1    3    2    3    1    3    3    2    2    1    3    1
11           1    2    2    1    3    3    1    4    2    1    3    5    3  ...    1    1    1    3    3    2    3    3    1    1    3    4    3
12           2    3    2    2    3    3    3    3    4    2    4    5    5  ...    2    1    1    3    3    2    1    3    2    1    4    4    1
13           3    2    2    5    2    2    1    1    2    3    2    1    4  ...    3    1    2    1    3    2    1    1    2    5    4    1    5
14           1    1    1    1    1    1    1    1    1    1    1    1    2  ...    1    1    1    1    1    1    2    1    2    1    1    1    1
15           2    2    2    2    2    2    2    4    2    2    3    3    2  ...    2    2    4    2    3    2    4    5    2    2    2    3    2
16           5    1    1    1    4    3    4    3    4    3    2    2    2  ...    1    3    3    1    4    1    5    4    4    1    4    3    4
17           3    2    2    3    2    1    2    1    1    2    1    3    3  ...    2    3    2    2    2    2    2    1    3    3    2    2    3
18           2    2    1    1    1    1    2    2    2    2    1    3    2  ...    2    1    2    3    2    2    2    1    3    2    2    2    1
19           2    2    2    2    1    2    2    2    2    2    1    3    2  ...    3    2    2    2    2    2    3    2    2    2    2    1    1
20           1    1    1    1    1    1    2    1    1    1    1    1    1  ...    2    2    2    1    2    1    2    2    1    2    1    1    1
21           1    1    1    1    1    1    1    1    1    1    1    3    1  ...    1    1    1    3    1    1    3    1    1    1    1    1    1
22           1    1    1    1    1    1    2    1    1    2    2    1    1  ...    1    1    1    1    1    1    1    2    1    2    1    1    1
23           1    1    1    1    2    1    1    3    1    1    1    3    1  ...    2    1    1    1    3    1    2    2    1    1    1    2    2
24           1    1    1    2    1    1    1    1    1    1    1    2    1  ...    1    1    1    1    1    1    1    1    1    1    1    1    1
25           3    3    2    3    2    1    3    3    3    2    2    3    2  ...    3    3    2    3    3    3    3    2    2    3    3    2    3
26           2    2    2    2    2    2    3    2    2    2    2    1    2  ...    2    3    1    3    2    1    2    3    1    2    3    1    2
27           1    3    1    2    2    1    3    2    2    2    2    3    2  ...    3    3    2    2    2    3    3    2    2    2    2    2    3
28           2    2    1    1    1    2    3    1    2    2    2    3    3  ...    1    2    1    1    1    1    1    1    1    1    1    1    1
29           1    2    2    3    2    4    4    1    4    1    1    4    4  ...    5    5    2    3    2    2    1    1    3    5    4    5    5
30           1    3    2    2    2    4    4    1    3    2    1    3    2  ...    4    3    3    2    2    4    3    2    3    3    3    3    4
COURSE ID    1    1    1    1    1    1    1    1    1    1    1    1    1  ...    9    9    9    9    9    9    9    9    9    9    9    9    9
GRADE        1    1    1    1    1    2    5    2    5    0    2    0    0  ...    3    3    1    2    0    2    0    0    5    5    1    4    3

[32 rows x 145 columns]
max vrednosti kolona: 
1            3
2            2
3            3
4            5
5            2
6            2
7            2
8            5
9            4
10           4
11           6
12           6
13           5
14           3
15           5
16           5
17           5
18           3
19           3
20           2
21           3
22           2
23           3
24           3
25           3
26           3
27           3
28           3
29           5
30           4
COURSE ID    9
GRADE        7
dtype: int64

min vrednosti kolona: 
1            1
2            1
3            1
4            1
5            1
6            1
7            1
8            1
9            1
10           1
11           1
12           1
13           1
14           1
15           1
16           1
17           1
18           1
19           1
20           1
21           1
22           1
23           1
24           1
25           1
26           1
27           1
28           1
29           1
30           1
COURSE ID    1
GRADE        0
dtype: int64

<class 'pandas.DataFrame'>
RangeIndex: 145 entries, 0 to 144
Data columns (total 32 columns):
 #   Column     Non-Null Count  Dtype
---  ------     --------------  -----
 0   1          145 non-null    int64
 1   2          145 non-null    int64
 2   3          145 non-null    int64
 3   4          145 non-null    int64
 4   5          145 non-null    int64
 5   6          145 non-null    int64
 6   7          145 non-null    int64
 7   8          145 non-null    int64
 8   9          145 non-null    int64
 9   10         145 non-null    int64
 10  11         145 non-null    int64
 11  12         145 non-null    int64
 12  13         145 non-null    int64
 13  14         145 non-null    int64
 14  15         145 non-null    int64
 15  16         145 non-null    int64
 16  17         145 non-null    int64
 17  18         145 non-null    int64
 18  19         145 non-null    int64
 19  20         145 non-null    int64
 20  21         145 non-null    int64
 21  22         145 non-null    int64
 22  23         145 non-null    int64
 23  24         145 non-null    int64
 24  25         145 non-null    int64
 25  26         145 non-null    int64
 26  27         145 non-null    int64
 27  28         145 non-null    int64
 28  29         145 non-null    int64
 29  30         145 non-null    int64
 30  COURSE ID  145 non-null    int64
 31  GRADE      145 non-null    int64
dtypes: int64(32)
memory usage: 36.4 KB
None
(.info) --- Zakljucak:
DataFrame ima 145 redova i 32 kolona
Vidimo kako su imenovane kolone
Kolone imaju int podatke (int64)
svaka kolona ima non-null vrednosti, tj. nemamo nedostajuce vrednosti

                1           2           3           4           5  ...          28          29          30   COURSE ID       GRADE
count  145.000000  145.000000  145.000000  145.000000  145.000000  ...  145.000000  145.000000  145.000000  145.000000  145.000000
mean     1.620690    1.600000    1.944828    3.572414    1.662069  ...    1.806897    3.124138    2.724138    4.131034    3.227586
std      0.613154    0.491596    0.537216    0.805750    0.474644  ...    0.810492    1.301083    0.916536    3.260145    2.197678
min      1.000000    1.000000    1.000000    1.000000    1.000000  ...    1.000000    1.000000    1.000000    1.000000    0.000000
25%      1.000000    1.000000    2.000000    3.000000    1.000000  ...    1.000000    2.000000    2.000000    1.000000    1.000000
50%      2.000000    2.000000    2.000000    3.000000    2.000000  ...    2.000000    3.000000    3.000000    3.000000    3.000000
75%      2.000000    2.000000    2.000000    4.000000    2.000000  ...    2.000000    4.000000    3.000000    7.000000    5.000000
max      3.000000    2.000000    3.000000    5.000000    2.000000  ...    3.000000    5.000000    4.000000    9.000000    7.000000

[8 rows x 32 columns]
(.describe) --- Zakljucak:
count: broj non-null podataka za svaku kolonu, nemamo prazna polja
mean(avg): srednja vrednost svakog pitanja
std(standardna devijacija): disperzija vrednosti svake kolone oko mean, veci std ukazuje na vecu disperziju oko mean vrednosti
min,max: najmanja i najveca vrednost za svaku kolonu
%: distribucija podataka, npr 25% ispitanika je izabralo odredjenu vrednost za odredjeno pitanje

                  1         2         3         4         5         6  ...        27        28        29        30  COURSE ID     GRADE
1          1.000000  0.138233  0.294426 -0.316506 -0.181019  0.138233  ... -0.100812  0.228884  0.172597  0.121441  -0.304994 -0.095251
2          0.138233  1.000000  0.126218 -0.206876  0.190476  0.224138  ...  0.065449  0.223095  0.241033  0.292842  -0.430704  0.335533
3          0.294426  0.126218  1.000000 -0.086965 -0.155331  0.073627  ... -0.082461  0.055107  0.019802  0.053497  -0.118761  0.104821
4         -0.316506 -0.206876 -0.086965  1.000000  0.055351 -0.154281  ...  0.147922 -0.095411  0.236460  0.243517   0.317563  0.023963
5         -0.181019  0.190476 -0.155331  0.055351  1.000000  0.220238  ...  0.078973  0.027762  0.034666  0.007706  -0.114794  0.167445
6          0.138233  0.224138  0.073627 -0.154281  0.220238  1.000000  ... -0.028050  0.135949  0.002171 -0.092476  -0.326711 -0.062993
7          0.042572 -0.125471  0.016557  0.120346  0.100010 -0.011406  ... -0.000480 -0.082664 -0.058479 -0.012658   0.068769 -0.051778
8          0.127853 -0.022154 -0.126440 -0.119024 -0.118284  0.060922  ... -0.031225 -0.037184 -0.100950 -0.058644  -0.123024 -0.166352
9          0.001472 -0.013313  0.023944  0.028288  0.102223  0.026626  ... -0.134057 -0.158432 -0.036078  0.005909   0.114839 -0.156289
10        -0.199257 -0.154957 -0.018990  0.036543 -0.152641 -0.227030  ... -0.024462 -0.136949 -0.082775 -0.007332   0.271997  0.023683
11        -0.068972  0.062370 -0.166336 -0.109006  0.153780 -0.122430  ...  0.017689 -0.035607 -0.065851 -0.072417   0.107332  0.066318
12        -0.070108  0.120638 -0.134322 -0.222776  0.205138 -0.113252  ... -0.051725  0.072915 -0.081027 -0.188972  -0.068783  0.063504
13         0.069748  0.060216  0.051827 -0.037831 -0.134003  0.143273  ...  0.160517  0.173759  0.135240  0.085065  -0.178987  0.084470
14         0.172668 -0.028781  0.009990 -0.005450 -0.165492 -0.057563  ... -0.066199 -0.003010  0.085872  0.183650   0.076921  0.066379
15        -0.200812 -0.056143 -0.050269  0.023919 -0.044113 -0.161412  ...  0.007972 -0.127259 -0.016276 -0.006165   0.138063 -0.030747
16        -0.141571 -0.033997 -0.131680 -0.012785  0.005919  0.019123  ... -0.025866 -0.054173 -0.030203  0.064253   0.036315 -0.044268
17        -0.172833 -0.067750 -0.174719  0.003758 -0.114824 -0.129342  ...  0.020040  0.014943  0.008145  0.066071   0.172280 -0.033065
18         0.059712  0.045206 -0.010144  0.008877 -0.096332 -0.281283  ...  0.064246  0.189729 -0.075979  0.064566   0.079710  0.195617
19         0.078849 -0.005233  0.050529  0.061543 -0.171384 -0.214557  ... -0.038018  0.037870 -0.071658  0.190187   0.125221  0.003189
20        -0.226882 -0.363971 -0.009101  0.214838 -0.018640 -0.020602  ...  0.022730 -0.146074 -0.192637 -0.045090   0.434601 -0.184763
21         0.007306 -0.144138  0.124317  0.041443 -0.120973 -0.024023  ... -0.113204 -0.046727 -0.097340 -0.099526   0.105300 -0.203273
22         0.060027 -0.065795 -0.032180 -0.141190  0.028198  0.098693  ... -0.073821  0.074998 -0.178305 -0.182535  -0.196372 -0.139564
23        -0.044462 -0.032164 -0.027258  0.027357 -0.153273 -0.124062  ... -0.004898 -0.105041 -0.087524 -0.067562   0.150972  0.014638
24         0.030595 -0.013833 -0.053034  0.005529 -0.246770 -0.117580  ...  0.184693  0.076236  0.183201  0.197000   0.077465  0.073783
25        -0.181121  0.065013  0.053969  0.164447 -0.033757 -0.035007  ...  0.283639  0.155536  0.143541  0.184990   0.179658  0.044862
26         0.235576 -0.184238  0.123405  0.018147 -0.158217  0.004187  ... -0.036527  0.019617  0.055427 -0.020135   0.135596  0.085137
27        -0.100812  0.065449 -0.082461  0.147922  0.078973 -0.028050  ...  1.000000  0.141875  0.220125  0.234751  -0.019276  0.146547
28         0.228884  0.223095  0.055107 -0.095411  0.027762  0.135949  ...  0.141875  1.000000  0.180940  0.114760  -0.334647  0.110617
29         0.172597  0.241033  0.019802  0.236460  0.034666  0.002171  ...  0.220125  0.180940  1.000000  0.657853  -0.136473  0.315493
30         0.121441  0.292842  0.053497  0.243517  0.007706 -0.092476  ...  0.234751  0.114760  0.657853  1.000000   0.016830  0.248588
COURSE ID -0.304994 -0.430704 -0.118761  0.317563 -0.114794 -0.326711  ... -0.019276 -0.334647 -0.136473  0.016830   1.000000  0.142166
GRADE     -0.095251  0.335533  0.104821  0.023963  0.167445 -0.062993  ...  0.146547  0.110617  0.315493  0.248588   0.142166  1.000000

[32 rows x 32 columns]
(.corr) --- Zakljucak:
procena stepena linearnog odnosa izmedju 2 numbericke variable
blizu 1: jaka pozitivna linearna veza, v1 se povecava kako se v2 povecava
blizu-1: jaka negativna linearna veza, v1 se povecava kako se v2 povecava
blizu 0: slaba ili nikakva linearna veza
pogledati korelacije kolona sa GRADE